[{"embedding":{"vectors":[[[0,0.7956515894142224,0.896537954417201,0.8058652259891117,0.926277097435243,0.5524596116315765,0.47990445817103977,0.4000949291955005,2.0101906311667923,0.49396824549440116,0.43836456464517043,0.33179738965946526,1.80438690843232,0.5074636390330883,0.39138248099622047,0.24474917189203318,1.6215557351111185,0.8648997847084634,0.5236495849584532,0.490637046385314,0.3975453867420824,0.7956515894142224,0,0.14027475024291247,0.12174120052487664,0.15036336408942905,0.500168163904574,0.7098217859096151,0.8271116715561613,1.6194258599160432,0.54808360028644,0.7487884719089986,0.8490010010680734,2.2197158185265424,0.5158135264985684,0.6614468234385164,0.7545677680825696,2.2754618681144665,0.2943846176908238,0.46145233214093384,0.41091106599408556,0.4590000361467163,0.896537954417201,0.14027475024291247,0,0.09521540966349883,0.18312502948483364,0.5112316584756119,0.7291688387150039,0.8638737860011961,1.4813403164687315,0.5709056553458284,0.7766787436725073,0.8990411501648364,2.1506772634383045,0.5381450568528476,0.7007578271947928,0.8188255805085173,2.2698541665876704,0.20170471797506448,0.4860271098206936,0.45729354457949806,0.5266487224575185,0.8058652259891117,0.12174120052487664,0.09521540966349883,0,0.23614867059787661,0.42260662067567456,0.6396708276339251,0.7712049583408646,1.5159804842926021,0.4798356806868795,0.6854255208042856,0.8046671631367383,2.105482547528476,0.44698146411345446,0.6072878447832121,0.7236151828168783,2.192541076629759,0.17324489388968553,0.39405138021652997,0.36236603186652844,0.43169503219072836,0.926277097435243,0.15036336408942905,0.18312502948483364,0.23614867059787661,0,0.6467111629774488,0.8587890054796643,0.9774749027443029,1.6145951817754989,0.6970033536599279,0.8987523421473269,0.9986537007245271,2.3331599018530262,0.6645205428200036,0.8118076962061134,0.9021622377370071,2.4228310127192736,0.38377921275714244,0.6102040206752908,0.561259391103394,0.6075236519547739,0.5524596116315765,0.500168163904574,0.5112316584756119,0.42260662067567456,0.6467111629774488,0,0.21804921366886557,0.3602330243151115,1.5062716153783344,0.0691839059024209,0.2683142038761655,0.4102107789447795,1.7534599197567173,0.04537814171744126,0.21006240631959425,0.3664477322600935,1.7761604081107853,0.3766697288090498,0.05596192269751716,0.1370141140848009,0.20235502848038475,0.47990445817103977,0.7098217859096151,0.7291688387150039,0.6396708276339251,0.8587890054796643,0.21804921366886557,0,0.15486487487908665,1.5305455375073576,0.16178961166981995,0.06025523244158416,0.22378263022675857,1.5807356628266913,0.19431628397532205,0.10149340538361891,0.23981481739564647,1.5660110856661316,0.5875766045002953,0.24859086146944173,0.3063910991926568,0.30602043367946025,0.4000949291955005,0.8271116715561613,0.8638737860011961,0.7712049583408646,0.9774749027443029,0.3602330243151115,0.15486487487908665,0,1.6237052778078582,0.2948365482927014,0.09539845766142117,0.08072817051614153,1.5218486012561825,0.3270389933070538,0.16569714342685116,0.1642757737915214,1.4579404625063244,0.7360262442060702,0.37795289634915236,0.41628178629682555,0.38243181258116565,2.0101906311667923,1.6194258599160432,1.4813403164687315,1.5159804842926021,1.6145951817754989,1.5062716153783344,1.5305455375073576,1.6237052778078582,0,1.5470247653425684,1.572597696205091,1.7017713628464408,1.0366125755702673,1.5453225048627128,1.622872512425926,1.76666983785307,1.4194532963588613,1.3585522221339084,1.5530944351114102,1.6202607334237897,1.705665507889032,0.49396824549440116,0.54808360028644,0.5709056553458284,0.4798356806868795,0.6970033536599279,0.0691839059024209,0.16178961166981995,0.2948365482927014,1.5470247653425684,0,0.20577561384137857,0.34173799280079953,1.727255805905339,0.0328618591626259,0.1409701027341783,0.2984080552891364,1.7275798755365004,0.4446124045226099,0.08683678627355935,0.15094691830972629,0.18254029143872658,0.43836456464517043,0.7487884719089986,0.7766787436725073,0.6854255208042856,0.8987523421473269,0.2683142038761655,0.06025523244158416,0.09539845766142117,1.572597696205091,0.20577561384137857,0,0.16394184540421725,1.565019416166522,0.23856628342870445,0.09900612809537918,0.1940748309955676,1.5296788772531011,0.6423932890681473,0.29148083686134113,0.33944862560067485,0.3225483647825247,0.33179738965946526,0.8490010010680734,0.8990411501648364,0.8046671631367383,0.9986537007245271,0.4102107789447795,0.22378263022675857,0.08072817051614153,1.7017713628464408,0.34173799280079953,0.16394184540421725,0,1.5444406744269017,0.3719507531805562,0.20180680145580832,0.11996145941130076,1.4504082638074216,0.7863150314719872,0.4183922849600702,0.44310414774780144,0.39245945174471386,1.80438690843232,2.2197158185265424,2.1506772634383045,2.105482547528476,2.3331599018530262,1.7534599197567173,1.5807356628266913,1.5218486012561825,1.0366125755702673,1.727255805905339,1.565019416166522,1.5444406744269017,0,1.7543808394843488,1.6640255132104271,1.6643250571619848,0.38416194963516886,1.9494012788865733,1.8042493944801643,1.8780814188547952,1.8858316052477835,0.5074636390330883,0.5158135264985684,0.5381450568528476,0.44698146411345446,0.6645205428200036,0.04537814171744126,0.19431628397532205,0.3270389933070538,1.5453225048627128,0.0328618591626259,0.23856628342870445,0.3719507531805562,1.7543808394843488,0,0.17032199938342482,0.32257282929278647,1.759720564734928,0.4145754186942081,0.054361235823710524,0.124301958512823,0.1703611541264729,0.39138248099622047,0.6614468234385164,0.7007578271947928,0.6072878447832121,0.8118076962061134,0.21006240631959425,0.10149340538361891,0.16569714342685116,1.622872512425926,0.1409701027341783,0.09900612809537918,0.20180680145580832,1.6640255132104271,0.17032199938342482,0,0.16632298669696358,1.6215607264665728,0.5848897218007014,0.21696456720626578,0.25058612250859247,0.22426556572270237,0.24474917189203318,0.7545677680825696,0.8188255805085173,0.7236151828168783,0.9021622377370071,0.3664477322600935,0.23981481739564647,0.1642757737915214,1.76666983785307,0.2984080552891364,0.1940748309955676,0.11996145941130076,1.6643250571619848,0.32257282929278647,0.16632298669696358,0,1.560548757048533,0.7298207065130033,0.3586245281708518,0.3631666182058626,0.2959763022263913,1.6215557351111185,2.2754618681144665,2.2698541665876704,2.192541076629759,2.4228310127192736,1.7761604081107853,1.5660110856661316,1.4579404625063244,1.4194532963588613,1.7275798755365004,1.5296788772531011,1.4504082638074216,0.38416194963516886,1.759720564734928,1.6215607264665728,1.560548757048533,0,2.081188161406333,1.8140745452105271,1.8691173008212794,1.8393589868377005,0.8648997847084634,0.2943846176908238,0.20170471797506448,0.17324489388968553,0.38377921275714244,0.3766697288090498,0.5875766045002953,0.7360262442060702,1.3585522221339084,0.4446124045226099,0.6423932890681473,0.7863150314719872,1.9494012788865733,0.4145754186942081,0.5848897218007014,0.7298207065130033,2.081188161406333,0,0.3718367556092056,0.37777279224709315,0.4679320145808704,0.5236495849584532,0.46145233214093384,0.4860271098206936,0.39405138021652997,0.6102040206752908,0.05596192269751716,0.24859086146944173,0.37795289634915236,1.5530944351114102,0.08683678627355935,0.29148083686134113,0.4183922849600702,1.8042493944801643,0.054361235823710524,0.21696456720626578,0.3586245281708518,1.8140745452105271,0.3718367556092056,0,0.08105589153454111,0.1526204452707743,0.490637046385314,0.41091106599408556,0.45729354457949806,0.36236603186652844,0.561259391103394,0.1370141140848009,0.3063910991926568,0.41628178629682555,1.6202607334237897,0.15094691830972629,0.33944862560067485,0.44310414774780144,1.8780814188547952,0.124301958512823,0.25058612250859247,0.3631666182058626,1.8691173008212794,0.37777279224709315,0.08105589153454111,0,0.09486934883667159,0.3975453867420824,0.4590000361467163,0.5266487224575185,0.43169503219072836,0.6075236519547739,0.20235502848038475,0.30602043367946025,0.38243181258116565,1.705665507889032,0.18254029143872658,0.3225483647825247,0.39245945174471386,1.8858316052477835,0.1703611541264729,0.22426556572270237,0.2959763022263913,1.8393589868377005,0.4679320145808704,0.1526204452707743,0.09486934883667159,0]],[[0,0.4818654612546665,0.567308754761572,0.6114143473763949,0.5434195440272532,0.27567485094047617,0.5015899861253481,0.529534876786669,1.9050349458213371,0.2755989617468226,0.5047687719462935,0.5327434728403071,2.034848992494646,0.2882948065426513,0.39244866970316855,0.42031169701721044,2.050189709537092,0.6788068337372511,0.4091948692017414,0.31442931256143997,0.30766601543604905,0.4818654612546665,0,0.11360700909356644,0.14993994256593454,0.1147873978648133,0.4695315546184277,0.5744344257851199,0.5419961907448615,1.6062446282334024,0.5827070946344095,0.6437952338378503,0.6875119744725798,1.978358575710395,0.5461219099347367,0.5310396938609875,0.5367532513318719,2.172380798193797,0.27953066467754656,0.29546782044006664,0.400784297539153,0.4992717319835531,0.567308754761572,0.11360700909356644,0,0.04415590714840893,0.18441357702340969,0.5009401596839133,0.5581805305065123,0.5144933326598116,1.4930784705326394,0.6217568853631855,0.6358891262562626,0.6791097005767659,1.881107063892385,0.5788687962089522,0.5376608351440729,0.5369192707331918,2.098316761371464,0.16868507886215828,0.2891180389876956,0.42182508130472046,0.5242880276472055,0.6114143473763949,0.14993994256593454,0.04415590714840893,0,0.19900729191070599,0.5404236654871566,0.5859345209453181,0.5390732519341064,1.4622055102195235,0.6619965687137148,0.6655175365446712,0.7083230356662003,1.8664751269515678,0.6182070471417082,0.5718027057538104,0.569460319920716,2.0964355599064817,0.14911533571393082,0.32335418425005935,0.45999374608576893,0.5624833663926923,0.5434195440272532,0.1147873978648133,0.18441357702340969,0.19900729191070599,0,0.5733834889443068,0.6889138486872511,0.656748249811477,1.6505523798659485,0.6811539270738746,0.7572213599539817,0.8008858234972217,2.0644472681372816,0.6482211830162051,0.6422561279039224,0.6492806078295494,2.278676518158785,0.34759052938506807,0.41007226736652197,0.5095081579277876,0.6052369947221158,0.27567485094047617,0.4695315546184277,0.5009401596839133,0.5404236654871566,0.5733834889443068,0,0.2261922351389039,0.25598290151655856,1.6414290529969364,0.12315091511455477,0.24115703051809279,0.2767427841665374,1.7713530307015595,0.07796548279769937,0.11877066709623384,0.14543566602302524,1.8341189094612709,0.5417114914123279,0.23078364806014504,0.08484865079969678,0.038537257347179235,0.5015899861253481,0.5744344257851199,0.5581805305065123,0.5859345209453181,0.6889138486872511,0.2261922351389039,0,0.06497928197537868,1.429466882183551,0.2731941177442137,0.08493829801488238,0.12434704121516219,1.5504693149970403,0.23201935801174622,0.11025052819885298,0.08154218682111478,1.6426899133748354,0.524182868331997,0.27901661186709475,0.21833802012304243,0.19465523594195572,0.529534876786669,0.5419961907448615,0.5144933326598116,0.5390732519341064,0.656748249811477,0.25598290151655856,0.06497928197537868,0,1.3871054512902699,0.32372152471475685,0.14763845065878262,0.18320025511615207,1.5415276741627033,0.27821192890214336,0.15318760589232888,0.12500629540217753,1.6553775773256691,0.4671554907533901,0.24918456655175933,0.22571347337610673,0.23091556766041313,1.9050349458213371,1.6062446282334024,1.4930784705326394,1.4622055102195235,1.6505523798659485,1.6414290529969364,1.429466882183551,1.3871054512902699,0,1.7011138097820167,1.4599580687167848,1.452338430155844,0.5855300170354806,1.6614589994800122,1.5376439015459054,1.5085402135299721,0.9352045685964563,1.3277056265229907,1.5095949998941327,1.5909212184378865,1.6180165778366604,0.2755989617468226,0.5827070946344095,0.6217568853631855,0.6619965687137148,0.6811539270738746,0.12315091511455477,0.2731941177442137,0.32372152471475685,1.7011138097820167,0,0.24642036637380718,0.26590632244263324,1.7617271523917082,0.051263217186902126,0.17105765710996768,0.19872010791323852,1.7823487196767231,0.6641870848159177,0.35357163944468467,0.20760643165105774,0.11348649269853307,0.5047687719462935,0.6437952338378503,0.6358891262562626,0.6655175365446712,0.7572213599539817,0.24115703051809279,0.08493829801488238,0.14763845065878262,1.4599580687167848,0.24642036637380718,0,0.0437374853496684,1.5325847401757882,0.21805291610873503,0.12742080525588548,0.11077421755352504,1.598073037929058,0.6085879592252803,0.3508273659559987,0.2620106145449569,0.20352080118415042,0.5327434728403071,0.6875119744725798,0.6791097005767659,0.7083230356662003,0.8008858234972217,0.2767427841665374,0.12434704121516219,0.18320025511615207,1.452338430155844,0.26590632244263324,0.0437374853496684,0,1.5024658297080995,0.24445057817765825,0.16752673722076303,0.1533551286804777,1.559009479090693,0.6483110714675677,0.39451162989759436,0.3036098033680993,0.2384260558034191,2.034848992494646,1.978358575710395,1.881107063892385,1.8664751269515678,2.0644472681372816,1.7713530307015595,1.5504693149970403,1.5415276741627033,0.5855300170354806,1.7617271523917082,1.5325847401757882,1.5024658297080995,0,1.7467333866735728,1.6528515202663376,1.6276801710420712,0.3498853132099894,1.7173719003119383,1.7594175004162422,1.7656312958233393,1.735031888620778,0.2882948065426513,0.5461219099347367,0.5788687962089522,0.6182070471417082,0.6482211830162051,0.07796548279769937,0.23201935801174622,0.27821192890214336,1.6614589994800122,0.051263217186902126,0.21805291610873503,0.24445057817765825,1.7467333866735728,0,0.12508667963825862,0.15379996985533273,1.7853622210641489,0.6151603808130182,0.3053204713277791,0.1599894810107323,0.06241957660941199,0.39244866970316855,0.5310396938609875,0.5376608351440729,0.5718027057538104,0.6422561279039224,0.11877066709623384,0.11025052819885298,0.15318760589232888,1.5376439015459054,0.17105765710996768,0.12742080525588548,0.16752673722076303,1.6528515202663376,0.12508667963825862,0,0.029134973352610793,1.7254905807212162,0.5396096149379086,0.24865091581188015,0.1368235530598574,0.08482315725320903,0.42031169701721044,0.5367532513318719,0.5369192707331918,0.569460319920716,0.6492806078295494,0.14543566602302524,0.08154218682111478,0.12500629540217753,1.5085402135299721,0.19872010791323852,0.11077421755352504,0.1533551286804777,1.6276801710420712,0.15379996985533273,0.029134973352610793,0,1.7067341756027434,0.5294311806967016,0.24822611788962823,0.15165543370901668,0.11311492114368671,2.050189709537092,2.172380798193797,2.098316761371464,2.0964355599064817,2.278676518158785,1.8341189094612709,1.6426899133748354,1.6553775773256691,0.9352045685964563,1.7823487196767231,1.598073037929058,1.559009479090693,0.3498853132099894,1.7853622210641489,1.7254905807212162,1.7067341756027434,0,1.952547899576916,1.90069236798552,1.8578574784567974,1.795584325763607,0.6788068337372511,0.27953066467754656,0.16868507886215828,0.14911533571393082,0.34759052938506807,0.5417114914123279,0.524182868331997,0.4671554907533901,1.3277056265229907,0.6641870848159177,0.6085879592252803,0.6483110714675677,1.7173719003119383,0.6151603808130182,0.5396096149379086,0.5294311806967016,1.952547899576916,0,0.31100574834650446,0.4568679635235182,0.5539569701551649,0.4091948692017414,0.29546782044006664,0.2891180389876956,0.32335418425005935,0.41007226736652197,0.23078364806014504,0.27901661186709475,0.24918456655175933,1.5095949998941327,0.35357163944468467,0.3508273659559987,0.39451162989759436,1.7594175004162422,0.3053204713277791,0.24865091581188015,0.24822611788962823,1.90069236798552,0.31100574834650446,0,0.14599607775119144,0.2453666803490515,0.31442931256143997,0.400784297539153,0.42182508130472046,0.45999374608576893,0.5095081579277876,0.08484865079969678,0.21833802012304243,0.22571347337610673,1.5909212184378865,0.20760643165105774,0.2620106145449569,0.3036098033680993,1.7656312958233393,0.1599894810107323,0.1368235530598574,0.15165543370901668,1.8578574784567974,0.4568679635235182,0.14599607775119144,0,0.10250639733281237,0.30766601543604905,0.4992717319835531,0.5242880276472055,0.5624833663926923,0.6052369947221158,0.038537257347179235,0.19465523594195572,0.23091556766041313,1.6180165778366604,0.11348649269853307,0.20352080118415042,0.2384260558034191,1.735031888620778,0.06241957660941199,0.08482315725320903,0.11311492114368671,1.795584325763607,0.5539569701551649,0.2453666803490515,0.10250639733281237,0]],[[0,0.45892306730320553,0.6359684390584716,0.6477690046128828,0.4123332302461609,0.3363699238094197,0.6173568479097871,0.755643911946378,2.224455872086706,0.41825400196069246,0.7587041904933614,0.8464662375184145,2.2555416704017874,0.5148708882890836,0.7056670082187688,0.8155394566355924,2.2346963524637413,0.916109823695852,0.609698022033138,0.6449349915247679,0.7287397041818355,0.45892306730320553,0,0.24658092846254737,0.3111465471952069,0.06650124955732228,0.357439343752427,0.56438682867335,0.6756536416151152,1.9581861141735528,0.40184225745653457,0.7544316925579645,0.8714659055574321,2.034451836370936,0.5141934620577967,0.8080352618556105,0.8979168189564445,2.069586194089884,0.5880528899147272,0.5716466847689422,0.7601515030943203,0.828149683409776,0.6359684390584716,0.24658092846254737,0,0.08778430420883614,0.31221221382603576,0.3907406996233506,0.44769252665873815,0.5180416031210701,1.7122078070436022,0.3797591742700891,0.6224162256256404,0.7369927716439513,1.7879150396444972,0.4460822129702137,0.7232272207174298,0.7890140843048352,1.8252193073408116,0.34202809478301804,0.4615937949016281,0.6908888549360309,0.7384553434130362,0.6477690046128828,0.3111465471952069,0.08778430420883614,0,0.37327295708099295,0.36436994630746583,0.3698001601121623,0.43183785532808666,1.6589626101447374,0.33476548420828156,0.5386926952304854,0.6521056325845751,1.7287217023577464,0.38129718924799716,0.6468617330261682,0.7074452420641428,1.7592370727110254,0.2852637340089658,0.38486212712987555,0.6184669720605167,0.6608933423710196,0.4123332302461609,0.06650124955732228,0.31221221382603576,0.37327295708099295,0,0.3638714083888537,0.5986986679503815,0.7171785372862457,2.024279533882054,0.42033820574399533,0.7882602194177981,0.90414942717701,2.0995561563491925,0.5385106272883162,0.8287195373184306,0.9234796068949614,2.1325084439235606,0.6528969918117296,0.6041662392190652,0.7776909077144842,0.8497581760699322,0.3363699238094197,0.357439343752427,0.3907406996233506,0.36436994630746583,0.3638714083888537,0,0.2953875107777251,0.4340982787124796,1.8921280990728613,0.08589844730071883,0.4658470100241006,0.572867005793421,1.9322345560713625,0.2031137185258605,0.47238455981363375,0.573991932671982,1.9262209072755687,0.5986037515041238,0.29215533669975385,0.4179354197466422,0.49451887930975175,0.6173568479097871,0.56438682867335,0.44769252665873815,0.3698001601121623,0.5986986679503815,0.2953875107777251,0,0.13925751247380422,1.6073968191538344,0.20987278103725907,0.19007703057847444,0.30712382716957937,1.640587342468036,0.10398166736518732,0.27714557636683074,0.3437599592535813,1.6311077929414766,0.44781134493087305,0.018345228481873085,0.2533463599812755,0.2911917245382866,0.755643911946378,0.6756536416151152,0.5180416031210701,0.43183785532808666,0.7171785372862457,0.4340982787124796,0.13925751247380422,0,1.4698632652948058,0.34830601614251033,0.12032235602743087,0.22267500765494455,1.5014934543775957,0.24080653523586767,0.273419930187467,0.29299201110900963,1.4921409651278734,0.4128428340133107,0.14595762005363516,0.28075355945104385,0.2766594935095123,2.224455872086706,1.9581861141735528,1.7122078070436022,1.6589626101447374,2.024279533882054,1.8921280990728613,1.6073968191538344,1.4698632652948058,0,1.8078756356614518,1.4811217179928216,1.4137652150129736,0.11364738974144609,1.7105209357298967,1.5738345257453106,1.471921875974681,0.2230954740722181,1.3742311276173143,1.6157171333977782,1.6302343457511501,1.5533460862172501,0.41825400196069246,0.40184225745653457,0.3797591742700891,0.33476548420828156,0.42033820574399533,0.08589844730071883,0.20987278103725907,0.34830601614251033,1.8078756356614518,0,0.38494844400451483,0.49516282743989587,1.8466425288939998,0.12276488112627655,0.40841009355134184,0.5045131726872831,1.840374121274511,0.5383725020038508,0.20747406838154867,0.3585668669584174,0.42942778613542365,0.7587041904933614,0.7544316925579645,0.6224162256256404,0.5386926952304854,0.7882602194177981,0.4658470100241006,0.19007703057847444,0.12032235602743087,1.4811217179928216,0.38494844400451483,0,0.11746639538160203,1.499390749016762,0.26294069953711263,0.16194958651379135,0.17359001118335265,1.47654216612885,0.5317467954860067,0.1841808631193001,0.1854642126747518,0.16085267921852242,0.8464662375184145,0.8714659055574321,0.7369927716439513,0.6521056325845751,0.90414942717701,0.572867005793421,0.30712382716957937,0.22267500765494455,1.4137652150129736,0.49516282743989587,0.11746639538160203,0,1.4215542505921166,0.37239900799429126,0.16402815576513355,0.09608539016758003,1.389449137515325,0.6148481799360647,0.30019587857049723,0.21688119546432594,0.1472030978633592,2.2555416704017874,2.034451836370936,1.7879150396444972,1.7287217023577464,2.0995561563491925,1.9322345560713625,1.640587342468036,1.5014934543775957,0.11364738974144609,1.8466425288939998,1.499390749016762,1.4215542505921166,0,1.7416337329081628,1.57651250609406,1.4705915651746335,0.11340363183611915,1.4466646987158047,1.6470771204944088,1.6351054972483348,1.5549082891671904,0.5148708882890836,0.5141934620577967,0.4460822129702137,0.38129718924799716,0.5385106272883162,0.2031137185258605,0.10398166736518732,0.24080653523586767,1.7105209357298967,0.12276488112627655,0.26294069953711263,0.37239900799429126,1.7416337329081628,0,0.29454673019504696,0.3850115547399673,1.7287205520687123,0.5193610554618644,0.09485015299040542,0.25115021389443143,0.3141443705553461,0.7056670082187688,0.8080352618556105,0.7232272207174298,0.6468617330261682,0.8287195373184306,0.47238455981363375,0.27714557636683074,0.273419930187467,1.5738345257453106,0.40841009355134184,0.16194958651379135,0.16402815576513355,1.57651250609406,0.29454673019504696,0,0.10988748380645738,1.537689992532294,0.6850191963244472,0.262084050453349,0.06073929324928435,0.023257314874410764,0.8155394566355924,0.8979168189564445,0.7890140843048352,0.7074452420641428,0.9234796068949614,0.573991932671982,0.3437599592535813,0.29299201110900963,1.471921875974681,0.5045131726872831,0.17359001118335265,0.09608539016758003,1.4705915651746335,0.3850115547399673,0.10988748380645738,0,1.4292612160225444,0.6993947957757028,0.3323242865078025,0.17062664061922278,0.08680888798578666,2.2346963524637413,2.069586194089884,1.8252193073408116,1.7592370727110254,2.1325084439235606,1.9262209072755687,1.6311077929414766,1.4921409651278734,0.2230954740722181,1.840374121274511,1.47654216612885,1.389449137515325,0.11340363183611915,1.7287205520687123,1.537689992532294,1.4292612160225444,0,1.483471614121734,1.6356181610635503,1.5976554269193395,1.5152931026503444,0.916109823695852,0.5880528899147272,0.34202809478301804,0.2852637340089658,0.6528969918117296,0.5986037515041238,0.44781134493087305,0.4128428340133107,1.3742311276173143,0.5383725020038508,0.5317467954860067,0.6148481799360647,1.4466646987158047,0.5193610554618644,0.6850191963244472,0.6993947957757028,1.483471614121734,0,0.4660932260507605,0.6834942614719176,0.6893918662056869,0.609698022033138,0.5716466847689422,0.4615937949016281,0.38486212712987555,0.6041662392190652,0.29215533669975385,0.018345228481873085,0.14595762005363516,1.6157171333977782,0.20747406838154867,0.1841808631193001,0.30019587857049723,1.6470771204944088,0.09485015299040542,0.262084050453349,0.3323242865078025,1.6356181610635503,0.4660932260507605,0,0.2363707361372479,0.2768633228066112,0.6449349915247679,0.7601515030943203,0.6908888549360309,0.6184669720605167,0.7776909077144842,0.4179354197466422,0.2533463599812755,0.28075355945104385,1.6302343457511501,0.3585668669584174,0.1854642126747518,0.21688119546432594,1.6351054972483348,0.25115021389443143,0.06073929324928435,0.17062664061922278,1.5976554269193395,0.6834942614719176,0.2363707361372479,0,0.08388947604039165,0.7287397041818355,0.828149683409776,0.7384553434130362,0.6608933423710196,0.8497581760699322,0.49451887930975175,0.2911917245382866,0.2766594935095123,1.5533460862172501,0.42942778613542365,0.16085267921852242,0.1472030978633592,1.5549082891671904,0.3141443705553461,0.023257314874410764,0.08680888798578666,1.5152931026503444,0.6893918662056869,0.2768633228066112,0.08388947604039165,0]],[[0,0.6181097611027918,0.7549480626361851,0.7655184179438037,0.5002041161597214,0.5039362963247305,0.6186604498133929,0.749193990293175,2.2277739225328226,0.5637013220524177,0.7197310009447666,0.7893849991743259,2.319086464088539,0.6152065691365958,0.6711781775134674,0.7617004869172347,2.3035107266797388,1.020125320781268,0.6316969943609965,0.6049559946510491,0.6850739575117297,0.6181097611027918,0,0.22717365204511578,0.28453395941745413,0.12878130904111149,0.2859034030947727,0.5613621243409187,0.6679939223402497,1.8127145218007614,0.38955470044210505,0.8114992779529961,0.9752365871366385,1.9716636610242482,0.5090728678344475,0.8799851261726135,0.9801867867157671,2.0714750107824536,0.549562476978994,0.593954574500022,0.7407929394240592,0.8236472045581532,0.7549480626361851,0.22717365204511578,0,0.0675763291177562,0.3376469850030637,0.2789773515226456,0.46214774562662503,0.5290944367406074,1.5955074860201246,0.3154582988261705,0.7088983225068545,0.8811550710815195,1.7495141115505248,0.4071892450241249,0.8090790690565268,0.8974820525471011,1.8445587392084568,0.32344412073645035,0.49240202511579273,0.6697093649043558,0.7363013885071943,0.7655184179438037,0.28453395941745413,0.0675763291177562,0,0.38446205459893157,0.26983976070599897,0.4118113515650077,0.46830400903101355,1.5547596230775957,0.2798362188118426,0.6534239130985569,0.8258230452968036,1.70392028976576,0.3579217323530687,0.759422212614616,0.8443543231247025,1.7915881972221397,0.277925963169074,0.4406754702361775,0.621932449756368,0.6838105128481157,0.5002041161597214,0.12878130904111149,0.3376469850030637,0.38446205459893157,0,0.28396976526955525,0.569139807712956,0.6927483756725019,1.9326858770086788,0.4026621232054637,0.8069299449027649,0.9594918525003778,2.0868898204183908,0.5229306551223468,0.8538800702246102,0.9574892734255803,2.174694529412366,0.6598901289738454,0.6006355351140336,0.7208214800705753,0.8094048297454395,0.5039362963247305,0.2859034030947727,0.2789773515226456,0.26983976070599897,0.28396976526955525,0,0.2857278957799589,0.40968616689024107,1.7667454070045354,0.11972534098072374,0.5295546637737049,0.6902357367964418,1.8960084355705638,0.23901030854388555,0.5941643219302013,0.694331256752087,1.9480667659103825,0.5165734978444888,0.3176068332823283,0.4549126352668506,0.5386183540122069,0.6186604498133929,0.5613621243409187,0.46214774562662503,0.4118113515650077,0.569139807712956,0.2857278957799589,0,0.13924183422023959,1.609236196873113,0.1718895517141373,0.252505440486761,0.4223142816247858,1.707142778022553,0.05530004314848816,0.34766396816896306,0.43582845843958434,1.7231356936144322,0.5206310714531965,0.032604228102866756,0.21091266952246,0.2745412812105336,0.749193990293175,0.6679939223402497,0.5290944367406074,0.46830400903101355,0.6927483756725019,0.40968616689024107,0.13924183422023959,0,1.48129262782278,0.2902015035237949,0.20161638689724734,0.3678441450260692,1.572396117680731,0.17221768317188665,0.33303852769029646,0.39468320921321925,1.5842648282524376,0.49567673431243653,0.11864695423324705,0.23138468579250443,0.2472879399903325,2.2277739225328226,1.8127145218007614,1.5955074860201246,1.5547596230775957,1.9326858770086788,1.7667454070045354,1.609236196873113,1.48129262782278,0,1.6794929588464744,1.548962153977305,1.546404010905527,0.17784505862311817,1.6137627517962947,1.6427856618891334,1.5877820314760196,0.34933022515569667,1.2768424115266304,1.5973632983267987,1.6568836387019141,1.595902192425008,0.5637013220524177,0.38955470044210505,0.3154582988261705,0.2798362188118426,0.4026621232054637,0.11972534098072374,0.1718895517141373,0.2902015035237949,1.6794929588464744,0,0.42257902307372314,0.5892994217370794,1.798850943883526,0.1212286329332031,0.5031387743428295,0.5984655277820236,1.839753444325063,0.4717952861766194,0.20445414215872293,0.3621734323278765,0.4386240396472344,0.7197310009447666,0.8114992779529961,0.7088983225068545,0.6534239130985569,0.8069299449027649,0.5295546637737049,0.252505440486761,0.20161638689724734,1.548962153977305,0.42257902307372314,0,0.17241437963616565,1.608805280615262,0.30725347588136076,0.13805271879737896,0.1941349606051451,1.584330285585023,0.6961163802303082,0.22023279815831617,0.11486540569975913,0.05523061209538114,0.7893849991743259,0.9752365871366385,0.8811550710815195,0.8258230452968036,0.9594918525003778,0.6902357367964418,0.4223142816247858,0.3678441450260692,1.546404010905527,0.5892994217370794,0.17241437963616565,0,1.5768148118390175,0.4775177668441469,0.11974197238600268,0.04503772527231709,1.522981262741089,0.8536695371262581,0.3906077006099905,0.23870898888091333,0.15162689667847834,2.319086464088539,1.9716636610242482,1.7495141115505248,1.70392028976576,2.0868898204183908,1.8960084355705638,1.707142778022553,1.572396117680731,0.17784505862311817,1.798850943883526,1.608805280615262,1.5768148118390175,0,1.71966044069418,1.6840636446114967,1.6144506372131269,0.18164348329779867,1.4270890755917294,1.6908530956615468,1.721763169537301,1.6501980708649526,0.6152065691365958,0.5090728678344475,0.4071892450241249,0.3579217323530687,0.5229306551223468,0.23901030854388555,0.05530004314848816,0.17221768317188665,1.6137627517962947,0.1212286329332031,0.30725347588136076,0.4775177668441469,1.71966044069418,0,0.4021135692126144,0.49108749909975724,1.7452250531832352,0.4831865753302295,0.08704811043132983,0.26401875513602746,0.32980586965345454,0.6711781775134674,0.8799851261726135,0.8090790690565268,0.759422212614616,0.8538800702246102,0.5941643219302013,0.34766396816896306,0.33303852769029646,1.6427856618891334,0.5031387743428295,0.13805271879737896,0.11974197238600268,1.6840636446114967,0.4021135692126144,0,0.10444455459994575,1.6378575516500242,0.8285536812279168,0.3190449919062651,0.14097666289735233,0.08603701509568229,0.7617004869172347,0.9801867867157671,0.8974820525471011,0.8443543231247025,0.9574892734255803,0.694331256752087,0.43582845843958434,0.39468320921321925,1.5877820314760196,0.5984655277820236,0.1941349606051451,0.04503772527231709,1.6144506372131269,0.49108749909975724,0.10444455459994575,0,1.555804947740991,0.8857040539271795,0.40511093387151625,0.23943422756902147,0.16128804759865975,2.3035107266797388,2.0714750107824536,1.8445587392084568,1.7915881972221397,2.174694529412366,1.9480667659103825,1.7231356936144322,1.5842648282524376,0.34933022515569667,1.839753444325063,1.584330285585023,1.522981262741089,0.18164348329779867,1.7452250531832352,1.6378575516500242,1.555804947740991,0,1.5220603165802802,1.7019831888374197,1.69919553296971,1.6185233943465864,1.020125320781268,0.549562476978994,0.32344412073645035,0.277925963169074,0.6598901289738454,0.5165734978444888,0.5206310714531965,0.49567673431243653,1.2768424115266304,0.4717952861766194,0.6961163802303082,0.8536695371262581,1.4270890755917294,0.4831865753302295,0.8285536812279168,0.8857040539271795,1.5220603165802802,0,0.5367050583807794,0.7141832800116141,0.742946935829893,0.6316969943609965,0.593954574500022,0.49240202511579273,0.4406754702361775,0.6006355351140336,0.3176068332823283,0.032604228102866756,0.11864695423324705,1.5973632983267987,0.20445414215872293,0.22023279815831617,0.3906077006099905,1.6908530956615468,0.08704811043132983,0.3190449919062651,0.40511093387151625,1.7019831888374197,0.5367050583807794,0,0.18502789592755844,0.2438993635389351,0.6049559946510491,0.7407929394240592,0.6697093649043558,0.621932449756368,0.7208214800705753,0.4549126352668506,0.21091266952246,0.23138468579250443,1.6568836387019141,0.3621734323278765,0.11486540569975913,0.23870898888091333,1.721763169537301,0.26401875513602746,0.14097666289735233,0.23943422756902147,1.69919553296971,0.7141832800116141,0.18502789592755844,0,0.09160835981671177,0.6850739575117297,0.8236472045581532,0.7363013885071943,0.6838105128481157,0.8094048297454395,0.5386183540122069,0.2745412812105336,0.2472879399903325,1.595902192425008,0.4386240396472344,0.05523061209538114,0.15162689667847834,1.6501980708649526,0.32980586965345454,0.08603701509568229,0.16128804759865975,1.6185233943465864,0.742946935829893,0.2438993635389351,0.09160835981671177,0]],[[0,0.5989510088948485,0.7268046405153316,0.7089881495642909,0.49370449039732,0.5221331843117131,0.6443299430807481,0.7608168791280128,2.234223859231855,0.6072774098312815,0.7425689790741405,0.802963370281752,2.331416347812466,0.6802723472936725,0.7200528541002775,0.7851048525037894,2.2885319977756775,1.0405703198099236,0.6873540835654386,0.6692839918880992,0.7312839083411651,0.5989510088948485,0,0.2214117511623571,0.28095899963988374,0.11174784459831653,0.3012264210271267,0.5606350556318637,0.6734974001743117,1.843736755108766,0.4019895473043521,0.8110366748802063,0.9650475009301644,2.005593238409957,0.5251841263980954,0.8775312473771759,0.9733126367481965,2.069819575269273,0.597118788901816,0.647541054155176,0.748709641631856,0.7889951470444662,0.7268046405153316,0.2214117511623571,0,0.08907133625267828,0.3115902051914542,0.253207675505709,0.43969442245645174,0.5241126146338834,1.6329517224279542,0.2861052153763129,0.6934949390990816,0.8586285336974503,1.790001151906275,0.38394679453019,0.7816437766742299,0.8752126392359901,1.8488568843798476,0.37744193377448676,0.5214685331417266,0.6464336844480849,0.6712675305643255,0.7089881495642909,0.28095899963988374,0.08907133625267828,0,0.3510732989736579,0.20019741710249914,0.3528134556837883,0.4350556072285804,1.6075151105487517,0.20418865823568755,0.6054074944127303,0.7709751214953284,1.756931385993663,0.2953962205206983,0.6954172864818718,0.7883251055243168,1.8028319973729319,0.348635245298902,0.4333733205913781,0.5601925289698919,0.5832408924063569,0.49370449039732,0.11174784459831653,0.3115902051914542,0.3510732989736579,0,0.3022310976191417,0.5675499427668356,0.6908930675454228,1.944102326395622,0.4199236635490982,0.8047177516686221,0.948007287917406,2.101407096094591,0.5455496139673204,0.8571903364435721,0.951513041523224,2.153828410945455,0.6881561893346598,0.6525342231476363,0.7361959771322806,0.7835303907239086,0.5221331843117131,0.3012264210271267,0.253207675505709,0.20019741710249914,0.3022310976191417,0,0.2657957231735395,0.38895683252274876,1.7514408492611115,0.12247876124445664,0.5106565643099866,0.6638999146563229,1.8848443470582528,0.24565641359972384,0.5769959416754766,0.6728516797558992,1.9029078757939384,0.5185573793852267,0.3516435931621857,0.44748332017399806,0.48878352635579647,0.6443299430807481,0.5606350556318637,0.43969442245645174,0.3528134556837883,0.5675499427668356,0.2657957231735395,0,0.13072052105158388,1.5899490359140587,0.16095065172186135,0.25571608573202476,0.41925606118530123,1.6969317675319753,0.06965341630430237,0.3427220435776108,0.43558654021765186,1.6857267610049014,0.49865195413419494,0.08691570027965931,0.20760315384748984,0.23335511487383723,0.7608168791280128,0.6734974001743117,0.5241126146338834,0.4350556072285804,0.6908930675454228,0.38895683252274876,0.13072052105158388,0,1.4750169202659458,0.27288315216724873,0.19128430675131766,0.3542714923373286,1.5742068487200493,0.14831637620500063,0.2999568579502934,0.3793612459282607,1.5572353022002503,0.4824747834094413,0.0761446859790731,0.18530348987384113,0.17238188783513125,2.234223859231855,1.843736755108766,1.6329517224279542,1.6075151105487517,1.944102326395622,1.7514408492611115,1.5899490359140587,1.4750169202659458,0,1.6449051151504834,1.5251573314843498,1.5240419976326705,0.17781855059801766,1.557075812872731,1.5827380104874684,1.5539158606491386,0.32383369334721196,1.259911019296475,1.5497346896952047,1.5902735401029555,1.5309373591798978,0.6072774098312815,0.4019895473043521,0.2861052153763129,0.20418865823568755,0.4199236635490982,0.12247876124445664,0.16095065172186135,0.27288315216724873,1.6449051151504834,0,0.41621657419333513,0.5779974728106403,1.771671182857854,0.1257398475664375,0.49750288057975217,0.5921610995386387,1.7833815478974304,0.4460101809778629,0.24739111991862503,0.36279815355173944,0.3938652802698498,0.7425689790741405,0.8110366748802063,0.6934949390990816,0.6054074944127303,0.8047177516686221,0.5106565643099866,0.25571608573202476,0.19128430675131766,1.5251573314843498,0.41621657419333513,0,0.16654719477061264,1.5950340351181067,0.31034337914083254,0.11128060244081624,0.1887859766896997,1.5468600929526986,0.6696446433993215,0.17204401900041663,0.07630817631924847,0.022361713711795232,0.802963370281752,0.9650475009301644,0.8586285336974503,0.7709751214953284,0.948007287917406,0.6638999146563229,0.41925606118530123,0.3542714923373286,1.5240419976326705,0.5779974728106403,0.16654719477061264,0,1.5659889489959948,0.47647280866207403,0.09246700206823076,0.03592172007091359,1.4928074869652284,0.8216013972736488,0.3378738355985931,0.21682307921609525,0.18829214354281174,2.331416347812466,2.005593238409957,1.790001151906275,1.756931385993663,2.101407096094591,1.8848443470582528,1.6969317675319753,1.5742068487200493,0.17781855059801766,1.771671182857854,1.5950340351181067,1.5659889489959948,0,1.672874168139508,1.6360075765143651,1.5919759853541882,0.16684376358741645,1.4133694491905802,1.6459270633664689,1.6657258880019203,1.604239004875568,0.6802723472936725,0.5251841263980954,0.38394679453019,0.2953962205206983,0.5455496139673204,0.24565641359972384,0.06965341630430237,0.14831637620500063,1.557075812872731,0.1257398475664375,0.31034337914083254,0.47647280866207403,1.672874168139508,0,0.40490254973006895,0.4954791362835441,1.672921664821602,0.4314718265546768,0.13864236083762133,0.2710797857686779,0.2883016849330172,0.7200528541002775,0.8775312473771759,0.7816437766742299,0.6954172864818718,0.8571903364435721,0.5769959416754766,0.3427220435776108,0.2999568579502934,1.5827380104874684,0.49750288057975217,0.11128060244081624,0.09246700206823076,1.6360075765143651,0.40490254973006895,0,0.09586079544264506,1.5711604074731176,0.7805125854652556,0.26765830592557005,0.1352400648616894,0.12781625945708577,0.7851048525037894,0.9733126367481965,0.8752126392359901,0.7883251055243168,0.951513041523224,0.6728516797558992,0.43558654021765186,0.3793612459282607,1.5539158606491386,0.5921610995386387,0.1887859766896997,0.03592172007091359,1.5919759853541882,0.4954791362835441,0.09586079544264506,0,1.5148236766340908,0.8514802493925218,0.35701861426798664,0.22936295449315355,0.2094775680627228,2.2885319977756775,2.069819575269273,1.8488568843798476,1.8028319973729319,2.153828410945455,1.9029078757939384,1.6857267610049014,1.5572353022002503,0.32383369334721196,1.7833815478974304,1.5468600929526986,1.4928074869652284,0.16684376358741645,1.672921664821602,1.5711604074731176,1.5148236766340908,0,1.4730004539683739,1.6237508708874697,1.6212341532877028,1.5591983136645595,1.0405703198099236,0.597118788901816,0.37744193377448676,0.348635245298902,0.6881561893346598,0.5185573793852267,0.49865195413419494,0.4824747834094413,1.259911019296475,0.4460101809778629,0.6696446433993215,0.8216013972736488,1.4133694491905802,0.4314718265546768,0.7805125854652556,0.8514802493925218,1.4730004539683739,0,0.5341303282329584,0.6658396736554063,0.6528500130616679,0.6873540835654386,0.647541054155176,0.5214685331417266,0.4333733205913781,0.6525342231476363,0.3516435931621857,0.08691570027965931,0.0761446859790731,1.5497346896952047,0.24739111991862503,0.17204401900041663,0.3378738355985931,1.6459270633664689,0.13864236083762133,0.26765830592557005,0.35701861426798664,1.6237508708874697,0.5341303282329584,0,0.1367228822789582,0.1498693356472983,0.6692839918880992,0.748709641631856,0.6464336844480849,0.5601925289698919,0.7361959771322806,0.44748332017399806,0.20760315384748984,0.18530348987384113,1.5902735401029555,0.36279815355173944,0.07630817631924847,0.21682307921609525,1.6657258880019203,0.27107978